1.000000
0.960789
0.923116
0.886920
0.852144
0.818731
0.786628
0.755784
0.726149
0.697676
0.670320
0.644036
0.618783
0.594521
0.571209
0.548812
0.527292
0.506617
0.486752
0.467666
0.449329
0.431711
0.414783
0.398519
0.382893
0.367879
0.353455
0.339596
0.326280
0.313486
0.301194
0.289384
0.278037
0.267135
0.256661
0.246597
0.236928
0.227638
0.218712
0.210136
0.201897
0.193980
0.186374
0.179066
0.172045
0.165299
0.158817
0.152590
0.146607
0.140858
0.135335
0.130029
0.124930
0.120032
0.115325
0.110803
0.106459
0.102284
0.098274
0.094420
0.090718
0.087161
0.083743
0.080460
0.077305
0.074274
0.071361
0.068563
0.065875
0.063292
0.060810
0.058426
0.056135
0.053934
0.051819
0.049787
0.047835
0.045959
0.044157
0.042426
0.040762
0.039164
0.037628
0.036153
0.034735
0.033373
0.032065
0.030807
0.029599
0.028439
0.027324
0.026252
0.025223
0.024234
0.023284
0.022371
0.021494
0.020651
0.019841
0.019063
0.018316
0.017597
0.016907
0.016245
0.015608
0.014996
0.014408
0.013843
0.013300
0.012778
0.012277
0.011796
0.011333
0.010889
0.010462
0.010052
0.009658
0.009279
0.008915
0.008566
0.008230
0.007907
0.007597
0.007299
0.007013
0.006738
0.006474
0.006220
0.005976
0.005742
0.005517
0.005300
0.005092
0.004893
0.004701
0.004517
0.004339
0.004169
0.004006
0.003849
0.003698
0.003553
0.003414
0.003280
0.003151
0.003028
0.002909
0.002795
0.002685
0.002580
0.002479
0.002382
0.002288
0.002198
0.002112
0.002029
0.001950
0.001873
0.001800
0.001729
0.001662
0.001596
0.001534
0.001474
0.001416
0.001360
0.001307
0.001256
0.001207
0.001159
0.001114
0.001070
0.001028
0.000988
0.000949
0.000912
0.000876
0.000842
0.000809
0.000777
0.000747
0.000717
0.000689
0.000662
0.000636
0.000611
0.000587
0.000564
0.000542
0.000521
0.000500
0.000481
0.000462
0.000444
0.000426
0.000410
0.000394
0.000378
0.000363
0.000349
0.000335
0.000322
0.000310
0.000298
0.000286
0.000275
0.000264
0.000254
0.000244
0.000234
0.000225
0.000216
0.000208
0.000199
0.000192
0.000184
0.000177
0.000170
0.000163
0.000157
0.000151
0.000145
0.000139
0.000134
0.000128
0.000123
0.000119
0.000114
0.000109
0.000105
0.000101
0.000097
0.000093
0.000090
0.000086
0.000083
0.000079
0.000076
0.000073
0.000070
0.000068
0.000065
0.000063
0.000060
0.000058
0.000055
0.000053
0.000051
0.000049
0.000047
0.000045
0.000044
0.000042
0.000040
0.000039
0.000037
0.000036
0.000034
0.000033
0.000032
0.000030
0.000029
0.000028
0.000027
0.000026
0.000025
0.000024
0.000023
0.000022
0.000021
0.000020
0.000020
0.000019
0.000018
0.000017
0.000017
0.000016
0.000015
0.000015
0.000014
0.000014
0.000013
0.000013
0.000012
0.000012
0.000011
0.000011
0.000010
0.000010
0.000010
0.000009
0.000009
0.000008
0.000008
0.000008
0.000008
0.000007
0.000007
0.000007
0.000006
0.000006
0.000006
0.000006
0.000005
0.000005
0.000005
0.000005
0.000005
0.000004
0.000004
0.000004
0.000004
0.000004
0.000004
0.000004
0.000003
0.000003
0.000003
0.000003
0.000003
0.000003
0.000003
0.000003
0.000002
0.000002
0.000002
0.000002
0.000002
0.000002
0.000002
0.000002
0.000002
0.000002
0.000002
0.000002
0.000002
0.000001
0.000001
0.000001
0.000001
0.000001
0.000001
0.000001
0.000001
0.000001
0.000001
0.000001
0.000001
0.000001
0.000001
0.000001
0.000001
0.000001
0.000001
0.000001
0.000001
0.000001
0.000001
0.000001
0.000001
0.000001
0.000001
0.000001
0.000000
0.000000
0.000000
0.000000
0.000000
0.000000
0.000000
0.000000
0.000000
0.000000
0.000000
0.000000
0.000000
0.000000
0.000000
0.000000
0.000000
0.000000
0.000000
0.000000
0.000000
0.000000
0.000000
0.000000
0.000000
0.000000
0.000000
0.000000
0.000000
0.000000
0.000000
0.000000
0.000000
0.000000
0.000000
0.000000
0.000000
0.000000
0.000000
0.000000
0.000000
0.000000
0.000000
0.000000
0.000000
0.000000
0.000000
0.000000
0.000000
0.000000
0.000000
0.000000
0.000000
0.000000
0.000000
0.000000
0.000000
0.000000
0.000000
0.000000
0.000000
0.000000
0.000000
0.000000
0.000000
0.000000
0.000000
0.000000
0.000000
0.000000
0.000000
0.000000
0.000000
0.000000
0.000000
0.000000
0.000000
0.000000
0.000000
0.000000
0.000000
0.000000
0.000000
0.000000
0.000000
0.000000
0.000000
0.000000
0.000000
0.000000
0.000000
0.000000
0.000000
0.000000
0.000000
0.000000
0.000000
0.000000
0.000000
0.000000
0.000000
0.000000
0.000000
0.000000
0.000000
0.000000
0.000000
0.000000
0.000000
0.000000
0.000000
0.000000
0.000000
0.000000
0.000000
0.000000
0.000000
0.000000
0.000000
0.000000
0.000000
0.000000
0.000000
0.000000
0.000000
0.000000
0.000000
0.000000
0.000000
0.000000
0.000000
0.000000
0.000000
0.000000
0.000000
0.000000
0.000000
0.000000
