1.000000000000
1.094837500000
1.178735762517
1.250856505395
1.310479123373
1.357007888128
1.389977900580
1.409059735998
1.414062735503
1.404936911054
1.381773444917
1.344803778599
1.294397300360
1.231057654416
1.155417708697
1.068233231448
0.970375339856
0.862821796145
0.746647238115
0.623012441732
0.493152723059
0.358365595404
0.219997805016
0.079431874864
-0.061927709053
-0.202668530842
-0.341384357086
-0.476689187440
-0.607231103065
-0.731705774531
-0.848869494223
-0.957551603035
-1.056666187188
-1.145222928304
-1.222336998319
-1.287237900378
-1.339277167372
-1.377934841191
-1.402824667966
-1.413697957381
-1.410446067498
-1.393101490268
-1.361837526879
-1.316966556191
-1.258936913554
-1.188328411191
-1.105846544915
-1.012315445063
-0.908669642061
-0.795944728929
-0.675267013984
-0.547842267166
-0.414943672395
-0.277899106364
-0.138077870850
0.003122988867
0.144292642806
0.284020572799
0.420910665903
0.553595163877
0.680748329344
0.801099692100
0.913446743208
1.016666950053
1.109728972293
1.191702966654
1.261769877600
1.319229621050
1.363508079373
1.394162837768
1.410887604724
1.413515272368
1.402019586153
1.376515407182
1.337257564548
1.284638309176
1.219183394582
1.141546823723
1.052504314429
0.952945548695
0.843865283287
0.726353410476
0.601584068210
0.470803908539
0.335319641493
0.196484978893
0.055687108531
-0.085667166132
-0.226165482255
-0.364404029455
-0.499001576198
-0.628613270581
-0.751944077624
-0.867761718811
-0.974908984588
-1.072315296798
-1.159007405524
-1.234119113464
-1.296899930674
-1.346722573195
-1.383089230662
-1.405636540247
-1.414139217253
-1.408512306079
-1.388812029062
-1.355235224727
-1.308117381036
-1.247929283312
-1.175272310311
-1.090872425454
-0.995572923249
-0.890326003384
-0.776183256679
-0.654285157951
-0.525849670787
-0.392160078071
-0.254552159870
-0.114400846778
0.026893517911
0.167919169946
0.307267029981
0.443544782604
0.575390787870
0.701487686333
0.820575561645
0.931464529201
1.033046625053
1.124306876296
1.204333442330
1.272326725649
1.327607361140
1.369623004063
1.397953848887
1.412316823836
1.412568419245
1.398706121456
1.370868437932
1.329333513334
1.274516350398
1.206964663367
1.127353405421
1.036478024776
0.935246516837
0.824670351829
0.705854368528
0.579985735101
0.448322087329
0.312178962747
0.172916656247
0.031926628488
-0.109382397103
-0.249598509800
-0.387320718904
-0.521172951953
-0.649817803964
-0.771969900313
-0.886408739755
-0.991990889248
-1.087661408734
-1.172464391739
-1.245552516451
-1.306195511866
-1.353787454403
-1.387852822077
-1.408051245749
-1.414180909976
-1.406180569476
-1.384130161070
-1.348250004976
-1.298898603450
-1.236569058746
-1.161884146215
-1.075590091743
-0.978549115721
-0.871730818038
-0.756202490172
-0.633118451184
-0.503708514161
-0.369265698349
-0.231133309756
-0.090691519298
0.050656427384
0.191498230672
0.330426648173
0.466053555405
0.597023815446
0.722028818995
0.839819559544
0.949219113008
1.049134397152
1.138567093278
1.216623621083
1.282524067001
1.335609976826
1.375350934757
1.401349863125
1.413346989855
1.411222444017
1.394997453531
1.364834133065
1.321033864236
1.264034284313
1.194404913491
1.112841464442
1.020158890996
0.917283245401
0.805242425530
0.685155904481
0.558223545190
0.425713611814
0.288950097677
0.149299496385
0.008157148301
-0.133066701219
-0.272960992503
-0.410127950383
-0.543197050278
-0.670838712002
-0.791777584463
-0.904805288531
-1.008792490742
-1.102700187200
-1.185590084948
-1.256633977060
-1.315122017797
-1.360469815138
-1.392224269819
-1.410068102542
-1.413823024119
-1.403451516874
-1.379057209501
-1.340883841645
-1.289312828533
-1.224859450010
-1.148167702034
-1.060003862092
-0.961248832822
-0.852889340334
-0.736008075189
-0.611772874522
-0.481425053428
-0.346267002160
-0.207649173108
-0.066956587538
0.074405003056
0.215023162732
0.353492883673
0.488430624534
0.618488134308
0.742365923582
0.858826248582
0.966705478280
1.064925720987
1.152505594275
1.228570030605
1.292359020700
1.343235207289
1.380690253358
1.404349921279
1.413977812056
1.409477727340
1.390894630613
1.358414197920
1.312360962660
1.253195072958
1.181507694024
1.098015101430
1.003551524337
0.899060810161
0.785586993978
0.664263866884
0.536303647552
0.402984870155
0.265639609703
0.125640172408
-0.015614615925
-0.156713386478
-0.296246329328
-0.432819279777
-0.565067648366
-0.691670055372
-0.811361533579
-0.922946167392
-1.025309042003
-1.117427383239
-1.198380776760
-1.267360364521
-1.323676926596
-1.366767767626
-1.396202339073
-1.411686541107
-1.413065661153
-1.400325919717
-1.373594608067
-1.333138816383
-1.279362765079
-1.212803765974
-1.134126853654
-1.044118140677
-0.943676963011
-0.833806894172
-0.715605717873
-0.590254459342
-0.459005584932
-0.323170487906
-0.184106385456
-0.043202757854
0.098132534750
0.238487319177
0.376459219169
0.510669667438
0.639777679834
0.762493253997
0.877590258605
0.983918684456
1.080416134958
1.166118441227
1.240169295725
1.301828808185
1.350480898339
1.385639451577
1.406953176027
1.414209112547
1.407334762535
1.386398812304
1.351610446795
1.303317259471
1.242001779277
1.168276649385
1.082878505866
0.986660617482
0.880584360116
0.765709611038
0.643184158979
0.514232235819
0.380142284491
0.242254085305
0.101945369322
-0.039381947449
-0.180315771514
-0.319447941041
-0.455388295726
-0.586778566787
-0.712305948318
-0.830716214389
-0.940826250832
-1.041535876508
-1.131838835936
-1.210832853442
-1.277728648388
-1.331857821385
-1.372679532708
-1.399785906174
-1.412906104502
-1.411909035420
-1.396804661492
-1.367743900572
-1.325017117889
-1.269051224809
-1.200405413288
-1.119765568615
-1.027937416288
-0.925838471476
-0.814488871529
-0.695001183117
-0.568569285848
-0.436456443439
-0.299982681620
-0.160511598894
-0.019436741937
0.121832318240
0.261884070234
0.399319165583
0.532764400568
0.660886436791
0.782405123423
0.896106288030
1.000853868163
1.095601262494
1.179401788094
1.251418139358
1.310930754074
1.357345003031
1.390197131350
1.409158892161
1.414040826325
1.404794155446
1.381511269246
1.344424802434
1.293905310301
1.230457566259
1.154715518315
1.067435954886
0.969490943226
0.861859116031
0.745615893284
0.621922737025
0.492015546428
0.357192309123
0.218800132155
0.078221782155
-0.063138130784
-0.203867187481
-0.342559272073
-0.477828621432
-0.608323671234
-0.732740560315
-0.849836158404
-0.958440487040
-1.057468409598
-1.145930473593
-1.222942796940
-1.287735899405
-1.339662390971
-1.378203440344
-1.402973958926
-1.413726448485
-1.410353474075
-1.392888737481
-1.361506740481
-1.316521041288
-1.258381121576
-1.187667895421
-1.105087904999
-1.011466261068
-0.907738398741
-0.794940730944
-0.674200292935
-0.546723481359
-0.413784000352
-0.276710135124
-0.136871480203
0.004334745086
0.145497657148
0.285206805179
0.422066263901
0.554708581158
0.681808441030
0.802095905924
0.914369105348
1.017506244588
1.110476813284
1.192351881936
1.262313383437
1.319662286923
1.363825582235
1.394362005243
1.410966446801
1.413473001286
1.401856624273
1.376233382762
1.336859295481
1.284127774830
1.218565696040
1.140828132816
1.051691812069
0.952047353124
0.842890368965
0.725311518408
0.600485608623
0.469659856859
0.334141428688
0.195284377258
0.054476114059
-0.086876453603
-0.227360979945
-0.365573792366
-0.500133916467
-0.629696874256
-0.752968117714
-0.868715963464
-0.975783899325
-1.073102139774
-1.159698314880
-1.234707185875
-1.297379290324
-1.347088430492
-1.383337930088
-1.405765596886
-1.414147341617
-1.408399416993
-1.388579254478
-1.354884890448
-1.307652987483
-1.247355470545
-1.174594811670
-1.090098010272
-0.994709329214
-0.889381859229
-0.775167995966
-0.653208924814
-0.524723218574
-0.390994661903
-0.253359424180
-0.113192708968
0.028104986547
0.169121864834
0.308448934212
0.444694087002
0.576496008984
