1.000000000000
0.818733333333
0.670324271111
0.548816824906
0.449334629844
0.367885646473
0.301318736559
0.281181720016
10.264482540330
2928.376354792832
852109.551243419293
247963840.138833522797
72157477448.246459960938
20997825937413.394531250000
6110367347787279.000000000000
1778116898206098944.000000000000
517432017377975074816.000000000000
150572717056990723964928.000000000000
43816660663584330486906880.000000000000
12750648253103035850952802304.000000000000
3710438641652983896621172391936.000000000000
1079737644721018494623696214294528.000000000000
314203654613816335818635414085828608.000000000000
91433263492620569919464202215962443776.000000000000
26607079676352593950144967449156257841152.000000000000
7742660185818604423621703580272034932850688.000000000000
2253114114073214760021643438052255969342128128.000000000000
655656207195305456186042283455152391054935719936.000000000000
190795956293833917930363794719134936630496208093184.000000000000
55521623281505681208481954093660081100614555769241600.000000000000
