-2.000000
-1.921579
-1.846233
-1.773841
-1.704288
-1.637462
-1.573256
-1.511567
-1.452298
-1.395353
-1.340640
-1.288073
-1.237567
-1.189041
-1.142418
-1.097623
-1.054585
-1.013234
-0.973505
-0.935333
-0.898658
-0.863421
-0.829566
-0.797038
-0.765786
-0.735759
-0.706909
-0.679191
-0.652560
-0.626972
-0.602388
-0.578768
-0.556075
-0.534271
-0.513322
-0.493194
-0.473856
-0.455275
-0.437424
-0.420272
-0.403793
-0.387960
-0.372748
-0.358132
-0.344090
-0.330598
-0.317635
-0.305180
-0.293214
-0.281717
-0.270671
-0.260057
-0.249860
-0.240063
-0.230650
-0.221606
-0.212917
-0.204568
-0.196547
-0.188840
-0.181436
-0.174322
-0.167486
-0.160919
-0.154609
-0.148547
-0.142723
-0.137126
-0.131750
-0.126584
-0.121620
-0.116851
-0.112270
-0.107867
-0.103638
-0.099574
-0.095670
-0.091919
-0.088314
-0.084851
-0.081524
-0.078328
-0.075257
-0.072306
-0.069471
-0.066747
-0.064129
-0.061615
-0.059199
-0.056878
-0.054647
-0.052505
-0.050446
-0.048468
-0.046567
-0.044742
-0.042987
-0.041302
-0.039682
-0.038126
-0.036631
-0.035195
-0.033815
-0.032489
-0.031215
-0.029991
-0.028815
-0.027685
-0.026600
-0.025557
-0.024555
-0.023592
-0.022667
-0.021778
-0.020924
-0.020104
-0.019315
-0.018558
-0.017830
-0.017131
-0.016459
-0.015814
-0.015194
-0.014598
-0.014026
-0.013476
-0.012947
-0.012440
-0.011952
-0.011483
-0.011033
-0.010601
-0.010185
-0.009786
-0.009402
-0.009033
-0.008679
-0.008339
-0.008012
-0.007698
-0.007396
-0.007106
-0.006827
-0.006559
-0.006302
-0.006055
-0.005818
-0.005590
-0.005370
-0.005160
-0.004958
-0.004763
-0.004576
-0.004397
-0.004225
-0.004059
-0.003900
-0.003747
-0.003600
-0.003459
-0.003323
-0.003193
-0.003068
-0.002947
-0.002832
-0.002721
-0.002614
-0.002512
-0.002413
-0.002318
-0.002228
-0.002140
-0.002056
-0.001976
-0.001898
-0.001824
-0.001752
-0.001684
-0.001618
-0.001554
-0.001493
-0.001435
-0.001378
-0.001324
-0.001272
-0.001223
-0.001175
-0.001129
-0.001084
-0.001042
-0.001001
-0.000962
-0.000924
-0.000888
-0.000853
-0.000819
-0.000787
-0.000756
-0.000727
-0.000698
-0.000671
-0.000645
-0.000619
-0.000595
-0.000572
-0.000549
-0.000528
-0.000507
-0.000487
-0.000468
-0.000450
-0.000432
-0.000415
-0.000399
-0.000383
-0.000368
-0.000354
-0.000340
-0.000327
-0.000314
-0.000301
-0.000290
-0.000278
-0.000267
-0.000257
-0.000247
-0.000237
-0.000228
-0.000219
-0.000210
-0.000202
-0.000194
-0.000187
-0.000179
-0.000172
-0.000165
-0.000159
-0.000153
-0.000147
-0.000141
-0.000135
-0.000130
-0.000125
-0.000120
-0.000115
-0.000111
-0.000107
-0.000102
-0.000098
-0.000095
-0.000091
-0.000087
-0.000084
-0.000081
-0.000077
-0.000074
-0.000071
-0.000069
-0.000066
-0.000063
-0.000061
-0.000058
-0.000056
-0.000054
-0.000052
-0.000050
-0.000048
-0.000046
-0.000044
-0.000042
-0.000041
-0.000039
-0.000038
-0.000036
-0.000035
-0.000033
-0.000032
-0.000031
-0.000030
-0.000028
-0.000027
-0.000026
-0.000025
-0.000024
-0.000023
-0.000022
-0.000022
-0.000021
-0.000020
-0.000019
-0.000018
-0.000018
-0.000017
-0.000016
-0.000016
-0.000015
-0.000014
-0.000014
-0.000013
-0.000013
-0.000012
-0.000012
-0.000011
-0.000011
-0.000010
-0.000010
-0.000010
-0.000009
-0.000009
-0.000009
-0.000008
-0.000008
-0.000008
-0.000007
-0.000007
-0.000007
-0.000006
-0.000006
-0.000006
-0.000006
-0.000006
-0.000005
-0.000005
-0.000005
-0.000005
-0.000005
-0.000004
-0.000004
-0.000004
-0.000004
-0.000004
-0.000004
-0.000003
-0.000003
-0.000003
-0.000003
-0.000003
-0.000003
-0.000003
-0.000003
-0.000002
-0.000002
-0.000002
-0.000002
-0.000002
-0.000002
-0.000002
-0.000002
-0.000002
-0.000002
-0.000002
-0.000002
-0.000002
-0.000001
-0.000001
-0.000001
-0.000001
-0.000001
-0.000001
-0.000001
-0.000001
-0.000001
-0.000001
-0.000001
-0.000001
-0.000001
-0.000001
-0.000001
-0.000001
-0.000001
-0.000001
-0.000001
-0.000001
-0.000001
-0.000001
-0.000001
-0.000001
-0.000001
-0.000001
-0.000001
-0.000001
-0.000000
-0.000000
-0.000000
-0.000000
-0.000000
-0.000000
-0.000000
-0.000000
-0.000000
-0.000000
-0.000000
-0.000000
-0.000000
-0.000000
-0.000000
-0.000000
-0.000000
-0.000000
-0.000000
-0.000000
-0.000000
-0.000000
-0.000000
-0.000000
-0.000000
-0.000000
-0.000000
-0.000000
-0.000000
-0.000000
-0.000000
-0.000000
-0.000000
-0.000000
-0.000000
-0.000000
-0.000000
-0.000000
-0.000000
-0.000000
-0.000000
-0.000000
-0.000000
-0.000000
-0.000000
-0.000000
-0.000000
-0.000000
-0.000000
-0.000000
-0.000000
-0.000000
-0.000000
-0.000000
-0.000000
-0.000000
-0.000000
-0.000000
-0.000000
-0.000000
-0.000000
-0.000000
-0.000000
-0.000000
-0.000000
-0.000000
-0.000000
-0.000000
-0.000000
-0.000000
-0.000000
-0.000000
-0.000000
-0.000000
-0.000000
-0.000000
-0.000000
-0.000000
-0.000000
-0.000000
-0.000000
-0.000000
-0.000000
-0.000000
-0.000000
-0.000000
-0.000000
-0.000000
-0.000000
-0.000000
-0.000000
-0.000000
-0.000000
-0.000000
-0.000000
-0.000000
-0.000000
-0.000000
-0.000000
-0.000000
-0.000000
-0.000000
-0.000000
-0.000000
-0.000000
-0.000000
-0.000000
-0.000000
-0.000000
-0.000000
-0.000000
-0.000000
-0.000000
-0.000000
-0.000000
-0.000000
-0.000000
-0.000000
-0.000000
-0.000000
