1.000000000000
0.895170833333
0.781397431962
0.659816580333
0.531643072212
0.398157572880
0.260693823174
0.120625313208
-0.020648441063
-0.161715881320
-0.301167510683
-0.437609976912
-0.569679994299
-0.696057965147
-0.815481164729
-0.926756357995
-1.028771721963
-1.120507954664
-1.201048459656
-1.269588504331
-1.325443260528
-1.368054647091
-1.396996906024
-1.411980856515
-1.412856784327
-1.399615937688
-1.372390614737
-1.331452841642
-1.277211654608
-1.210209012927
-1.131114383909
-1.040718053793
-0.939923231480
-0.829737023982
-0.711260373757
-0.585677058474
-0.454241863115
-0.318268042598
-0.179114200190
-0.038170712813
0.103154161119
0.243448352527
0.381310090578
0.515361908684
0.644264407675
0.766729638608
0.881533971506
0.987530321440
1.083659609808
1.168961346273
1.242583225652
1.303789643850
1.351969047760
1.386640045686
1.407456217243
1.414209574665
1.406832640943
1.385399124034
1.350123180392
1.301357275191
1.239588660610
1.165434507380
1.079635738225
0.983049624820
0.876641222222
0.761473726382
0.638697851053
0.509540330258
0.375291661190
0.237293210009
0.096923809377
-0.044414018359
-0.185308074684
-0.324350595112
-0.460152315081
-0.591356351001
-0.716651757763
-0.834786627249
-0.944580596959
-1.044936643784
-1.134852045079
-1.213428397519
-1.279880593628
-1.333544666306
-1.373884422946
-1.400496802892
-1.413115904674
-1.411615642802
-1.396011007567
-1.366457915264
-1.323251650321
-1.266823914928
-1.197738515607
-1.116685729856
-1.024475409136
-0.922028887110
-0.810369773998
-0.690613729017
-0.563957313102
-0.431666033279
-0.295061698164
-0.155509210903
-0.014402931535
0.126847254966
0.266830025778
0.404146721676
0.537425321947
0.665334153150
0.786595194727
0.899996848546
1.004406044765
1.098779563070
1.182174456174
1.253757471412
1.312813376313
1.358752104954
1.391114653691
1.409577667361
1.413956670134
1.404207908731
1.380428789588
1.342856905600
1.291867662179
1.227970526328
1.151803936221
1.064128922152
0.965821502580
0.857863931255
0.741334882882
0.617398675370
0.487293636377
0.352319730365
0.213825569807
0.073194940317
-0.068167025652
-0.208847888408
-0.347442013624
-0.482564616951
-0.612865600300
-0.737043041553
-0.853856202917
-0.962137927945
-1.060806303353
-1.148875469127
-1.225465468887
-1.289811042107
-1.341269270330
-1.379326000985
-1.403600984619
-1.413851674216
-1.409975648637
-1.392011635982
-1.360139126622
-1.314676579798
-1.256078241681
-1.184929606703
-1.101941567495
-1.007943311896
-0.903874037990
-0.790773569970
-0.669771968568
-0.542078239883
-0.408968255408
-0.271772003967
-0.131860302927
0.009368898537
0.150504487261
0.290136285446
0.426869140667
0.559336865748
0.686215889234
0.806238480052
0.918205414243
1.020997957187
1.113589041612
1.195053529692
1.264577456702
1.321466163868
1.365151239154
1.395196196641
1.411300837732
1.413304250640
1.401186418154
1.375068417645
1.335211211299
1.282013038675
1.216005437627
1.137847933365
1.048321448704
0.948320501351
0.838844266197
0.720986591905
0.595925071551
0.464909276526
0.329248271245
0.190297533437
0.049445410674
-0.091900751510
-0.232328671334
-0.370435241791
-0.504840550013
-0.634201664878
-0.757226055111
-0.872684503808
-0.979423390341
-1.076376216938
-1.162574264753
-1.237156272971
-1.299377044221
-1.348614890332
-1.384377844022
-1.406308574461
-1.414187957597
-1.407937265564
-1.387618953303
-1.353436034531
-1.305730053295
-1.244977671384
-1.171785905686
-1.086886063084
-0.991126433488
-0.885463814022
-0.770953949029
-0.648740981445
-0.520046020915
-0.386154942892
-0.248405540612
-0.108174158328
0.033138060641
0.174119173655
0.313360546384
0.449470927403
0.581090349086
0.706903715932
0.825653944544
0.936154523966
1.037301370889
1.128083861267
1.207594928120
1.275040124631
1.329745561982
1.371164642612
1.398883521634
1.412625241823
1.412252500874
1.397769023284
1.369319523125
1.327188258121
1.271796189432
1.203696775561
1.123570442382
1.032217784563
0.930551566300
0.819587601288
0.700434603068
0.574283107142
0.442393575552
0.306083802787
0.166715748828
0.025681930925
-0.115608489958
-0.255743788990
-0.393323782933
-0.526973820294
-0.655358516355
-0.777195095884
-0.891266210171
-0.996432100356
-1.091641985501
-1.175944561629
-1.248497506822
-1.308575897405
-1.355579451131
-1.389038524994
-1.408618807731
-1.414124660150
-1.405501069879
-1.382834201034
-1.346350533293
-1.296414598989
-1.233525340827
-1.158311126617
-1.071523470844
-0.974029525793
-0.866803417261
-0.750916511429
-0.627526710144
-0.497866881563
-0.363232541762
-0.224968910388
-0.084457469689
0.056897838774
0.197684641826
0.336496246622
0.471945695828
0.602679625625
0.727391788043
0.844836102538
0.953839106399
1.053311679574
1.142259926782
1.219795108166
1.285142519272
1.337649231627
1.376790616570
1.402175587157
1.413550505768
1.410801718359
1.393956690055
1.363183730726
1.318790313291
1.261220001552
1.191048018257
1.108975497675
1.015822480101
0.912519718296
0.800099377730
0.679684723539
0.552478897251
0.419752895410
0.282832870219
0.143086879089
0.001911215483
-0.139283542367
-0.279086625463
-0.416101169959
-0.548958174135
-0.676330176994
-0.796944521783
-0.909596071940
-1.013159252399
-1.106599295946
-1.188982582248
-1.259485966267
-1.317405002832
-1.362160985214
-1.393306727361
-1.410531032018
-1.413661800108
-1.402667750278
-1.377658731453
-1.338884625259
-1.286732849296
-1.221724486185
-1.144509077099
-1.055858131765
-0.956657419807
-0.847898120443
-0.730666918962
-0.606135148944
-0.475547088698
-0.340207528866
-0.201468735404
-0.060716938214
0.080641519589
0.221194233367
0.359536849215
0.494287095780
0.624098595433
0.747674316810
0.863779534296
0.971254164972
1.069024359766
1.156113232971
1.231650622952
1.294881786496
1.345174939942
1.382027571741
1.405071463379
1.414076368483
1.408952313362
1.389750495992
1.356662774461
1.310019749986
1.250287463662
1.178062739935
1.094067223342
0.999140168083
0.894230052489
0.780385102146
0.658742816395
0.530518602829
0.396993633361
0.259502043198
0.119417600627
-0.021860019203
-0.162919219352
-0.302350585271
-0.438760967185
-0.570787399962
-0.697110721388
-0.816468752774
-0.927668910209
-1.029600120441
-1.121243922338
-1.201684642993
-1.270118546810
-1.325861866150
-1.368357633295
-1.397181245480
-1.412044707368
-1.412799508602
-1.399438107667
-1.372094007237
-1.331040420264
-1.276687540125
-1.209578442111
-1.130383657206
-1.039894472371
-0.939015024280
-0.828753265496
-0.710210893361
-0.584572342211
-0.453092948928
-0.317086410038
-0.177911655721
-0.036959271841
0.104362394295
0.244641305662
0.382475844098
0.516488814784
0.645341206703
0.767745571561
0.882478887536
0.988394779276
1.084434972088
1.169639865848
1.243158122990
1.304255174779
1.352320560857
1.386874028757
1.407570332412
1.414202681733
1.406704808784
1.385151629905
1.349758497171
1.300879046666
1.239001665076
1.164744609895
1.078849832006
0.982175562370
0.875687736872
0.760450345027
0.637614798965
0.508408428918
0.374122220164
0.236097913946
0.095714601261
-0.045625056540
-0.186508842657
-0.325529095220
-0.461296772161
-0.592455330036
-0.717694278137
-0.835762272460
-0.945479618700
-1.045750059343
-1.135571727092
-1.214047155174
-1.280392244515
-1.333944098188
-1.374167644840
-1.400660984945
-1.413159406438
-1.411538029623
-1.395813054932
-1.366141601048
-1.322820135028
-1.266281510109
-1.197090640785
-1.115938858374
-1.023637003475
-0.921107324329
-0.809374262034
-0.689554214681
-0.562844382693
-0.430510806814
-0.293875718264
-0.154304327468
-0.013191183343
0.128053760549
0.268019233767
0.405306749917
0.538544579841
0.666401457462
0.787599881323
0.900928878948
1.005256106449
1.099539162517
1.182836003731
1.254314357126
1.313260035977
1.359084075702
1.391328618587
1.409671488544
1.413929410178
1.404059840009
1.380161391553
1.342472850002
1.291370786370
