-2.000000000000
-1.637466666667
-1.340648542224
-1.097633650284
-0.898669397207
-0.735811311049
-0.614282741021
-3.951136399955
-1006.661896418023
-292821.435728758574
-85210941.861066177487
-24796384003.024265289307
-7215747744815.754882812500
-2099782593741332.250000000000
-611036734778727936.000000000000
-177811689820609937408.000000000000
-51743201737797510627328.000000000000
-15057271705699074745303040.000000000000
-4381666066358432327136182272.000000000000
-1275064825310303664260117430272.000000000000
-371043864165298360388719661285376.000000000000
-107973764472101849462369621429452800.000000000000
-31420365461381636680916545791787532288.000000000000
-9143326349262056311925646688367333605376.000000000000
-2660707967635259665813880338592560918298624.000000000000
-774266018581860377989288315187429198530609152.000000000000
-225311411407321474734513743576996195437509607424.000000000000
-65565620719530554705123730781463589033862148128768.000000000000
-19079595629383391959189878945027977776025503344361472.000000000000
-5552162328150568376059970600069855707592411150750318592.000000000000
